24 0.903156 0.261084 0.0174102 0.0262726 0.273116
26 0.667029 0.191297 0.0435256 0.0509031 0.341885
26 0.167029 0.789819 0.0446137 0.0525452 0.352346
31 0.667029 0.192939 0.0435256 0.0509031 0.36574
11 0.542437 0.326765 0.0272035 0.0591133 0.373702
4 0.451578 0.649425 0.0239391 0.0673235 0.417984
11 0.489663 0.315271 0.0304679 0.0525452 0.432882
10 0.246464 0.856322 0.0620239 0.0574713 0.455278
3 0.245919 0.856322 0.0631121 0.0574713 0.472558
4 0.543526 0.325944 0.0250272 0.0574713 0.4803
26 0.650707 0.69376 0.0435256 0.0541872 0.481745
10 0.545702 0.0656814 0.0184984 0.0229885 0.509352
10 0.9037 0.261084 0.0184984 0.0262726 0.517941
3 0.705658 0.261905 0.0663765 0.044335 0.538427
12 0.400979 0.162562 0.0359086 0.0328407 0.571658
4 0.566921 0.648604 0.0239391 0.0656814 0.580385
21 0.437976 0.350575 0.0206746 0.0213465 0.600768
4 0.62296 0.261084 0.0424374 0.0295567 0.675848
24 0.554951 0.561576 0.0195865 0.0262726 0.719684
4 0.621328 0.825123 0.0282916 0.0541872 0.81676
4 0.489663 0.311987 0.0282916 0.0558292 0.836116
26 0.436888 0.254516 0.0533188 0.0689655 0.837
4 0.312296 0.918719 0.0282916 0.0541872 0.851391
4 0.341132 0.861248 0.0402612 0.0279146 0.864649
4 0.375408 0.324302 0.0239391 0.0607553 0.86571
26 0.730686 0.498358 0.0489663 0.0706076 0.875265
26 0.181175 0.472085 0.0511425 0.0738916 0.882995
13 0.249728 0.963875 0.0533188 0.0426929 0.884253
31 0.782916 0.586207 0.0663765 0.091954 0.885249
31 0.491839 0.150246 0.0674646 0.0935961 0.886896
31 0.0734494 0.468801 0.0663765 0.0935961 0.88752
13 0.732862 0.866174 0.0554951 0.0410509 0.93079
